50 4
60 2 1 5.3
20 2 1 0.2
100 3 2 8
30 2 1 2
100.2 3 2 0.2
50 1 1 0.4
70 2 2 3
110 2 3 6
25 1 1 4
21.5 1 1 3
34 2 1 0.1
32 1 1 3
75 3 1 2
90 3 4 7.8
65 3 1 1
21 1 1 2.5
15 1 2 0.5
18 2 1 0.43
51 2 1 0.3
120 3 4 3.5
26 2 1 2
31 2 1 1
58 3 1 5
80 3 3 6
85 2 1 4
48 2 1 3.8
32 2 1 2.5
54.05 2 2 3
34.5 1 1 2.6
96.5 2 4 5
53 1 1 2
83 3 1 1 
140 4 1 0.2
28 1 1 0.1
15 1 1 0.4
30 2 1 0.4
30 1 1 0.4
24 1 1 0.5
45 2 3 2
46 2 1 1
42 2 1 2.4
56 2 1 2.3
78 2 1 5
69 2 1 1
73 2 1 3
62 2 3 1
23 2 1 1.8
84 1 2 2.5
126 2 1 3
92 3 4 2
